   1.4210103e-14   0.0000000e+00   0.0000000e+00  -1.0195788e-56   6.0185311e-36   0.0000000e+00
   3.5414380e-03  -5.3887843e-03  -2.8022315e-01   5.7878211e-04  -2.1997211e-03  -5.9574392e-04
   1.3950676e-02  -2.6636972e-03  -2.9675137e-01   5.9827175e-04  -2.3637797e-03  -8.1608756e-04
  -3.8037324e-03  -9.3468683e-03  -1.6521766e-01   9.0238189e-04  -1.4496089e-03  -3.2069647e-04
   5.1160082e-03   1.1940961e-02  -2.9607003e-01   8.2030423e-04  -2.1527592e-03  -9.1340436e-04
  -4.1735173e-03   3.2321513e-02  -2.9005694e-01   1.0921510e-03  -1.9594293e-03  -5.9079306e-04
  -2.5908017e-03   2.9486737e-02  -3.0658217e-01   8.0338294e-04  -2.1976043e-03  -7.6330455e-04
  -1.2421713e-02   3.9772380e-02  -3.0816253e-01   1.2411435e-03  -1.9588166e-03  -7.0882623e-04
  -3.6479136e-02   2.7510929e-02  -2.9748948e-01   3.7572664e-04  -1.5532427e-03  -6.0584155e-04
  -3.8232241e-02   3.9337010e-02  -2.4698222e-01   5.9736274e-04  -1.6704251e-03  -4.4405564e-04
  -4.1119646e-02   1.2718754e-02  -1.5372609e-01  -3.4231773e-04  -9.8213360e-04  -5.3622390e-04
  -9.2453676e-03  -2.5878543e-02  -6.2151988e-02  -1.3448357e-03  -1.5935462e-03   1.5184406e-04
   2.0211366e-02  -3.7120812e-03  -1.2641199e-01  -5.9439123e-04  -1.7028272e-03  -5.9746130e-05
   1.4696387e-02  -4.9841471e-03  -8.5483670e-02  -4.7734500e-04  -8.7689048e-04  -1.0859080e-04
   1.8670191e-02  -2.2426018e-02  -1.3993453e-01  -6.9876226e-04  -1.2317847e-03  -7.9636825e-05
   2.3168833e-02  -2.3065557e-02  -1.2127773e-01  -1.1447209e-03  -9.6168704e-04   8.6602742e-05
   3.3415521e-02  -2.0193934e-03  -1.2591267e-01  -7.1986595e-04  -1.4671397e-03   2.5251620e-04
   3.6550060e-02   1.2056515e-02  -8.3499660e-02  -4.9846420e-04  -1.3161776e-03   1.2534233e-04
   2.5358752e-02   8.6858530e-03  -1.0482549e-01  -3.8375113e-04  -1.7284860e-03   1.0586904e-04
   1.7530894e-02   3.3464900e-02  -8.0198156e-02  -3.0763677e-04  -1.3792039e-03  -2.6998663e-06
   2.9353467e-02   1.5719750e-02  -8.1166908e-02  -5.6594109e-04  -1.7327858e-03   3.1046910e-04
   2.0127899e-02   1.1562179e-02  -5.2568888e-02  -1.5508838e-03  -1.8330018e-03   1.5951205e-04
   2.4623383e-02   3.8184005e-02  -1.2230927e-01  -6.4005694e-04  -1.8138349e-03   2.2432551e-04
   1.5445497e-02   4.8035522e-03  -8.0421292e-02  -1.6911351e-03  -2.1320893e-03   1.9828961e-04
   2.3176824e-02  -1.3078783e-02  -1.0640228e-01  -1.4287292e-03  -1.9757396e-03   1.1332337e-04
   1.5169993e-02  -5.5243753e-03  -8.6893550e-02  -1.3476109e-03  -2.2682234e-03   3.1006668e-04
   2.7307767e-02  -1.6057574e-02  -1.3632115e-01  -1.8856497e-03  -2.2336221e-03   3.5188423e-04
   2.3716834e-02  -2.6828639e-02  -6.0033437e-02  -1.8600089e-03  -2.0028117e-03   2.5043736e-04
   2.5936292e-02  -4.5335184e-04  -1.1985379e-01  -8.2853540e-04  -1.8396539e-03   4.4778984e-04
   3.2950594e-02  -1.1886470e-02  -1.1420165e-01  -1.7656208e-03  -1.7919727e-03   4.2428443e-04
   3.5847368e-02   1.7345971e-02  -1.4320010e-01  -1.6169442e-03  -1.6404724e-03   3.6466742e-04
   3.4654703e-02   3.5145359e-02  -1.3524334e-01  -9.1696139e-04  -1.5625595e-03   6.2745988e-04
   3.9865019e-02  -1.3797586e-02  -1.3221674e-01  -2.2756248e-03  -1.6528828e-03   6.9141947e-04
   4.7212349e-02  -7.6624801e-03  -3.3039818e-02  -1.8851553e-03  -1.5691067e-03   7.0213365e-04
   3.1731176e-02   1.0490684e-02  -6.7411336e-02  -1.2903557e-03  -1.3871831e-03   5.4425410e-04
   3.0466395e-02  -5.6658478e-03  -7.4642299e-02  -1.4054512e-03  -1.6335962e-03   5.9893355e-04
   2.0226388e-02  -1.7323964e-02  -1.0643487e-01  -1.8070057e-03  -1.8160187e-03   5.9678667e-04
   4.0023490e-02   5.5643338e-04  -2.4106978e-02  -1.8063094e-03  -1.5424495e-03   6.1403034e-04
   2.9593713e-02   2.2461717e-02  -8.2403432e-02  -7.6394116e-04  -1.5472570e-03   4.8958389e-04
   1.8339434e-02   1.7404344e-02  -3.6701939e-02  -7.6190825e-04  -1.2884921e-03   1.5525382e-04
   7.3155656e-03   2.2159592e-02  -4.4114853e-02  -1.2111959e-03  -1.5897506e-03   3.6996683e-05
   1.9283682e-03  -3.5254535e-04   1.1659289e-01  -2.9412618e-03  -1.5544017e-03  -2.6083972e-04
   1.5275760e-02  -7.5859953e-03   1.7379897e-01  -3.1557686e-03  -2.9605982e-03  -5.5939456e-04
   2.3036519e-03  -4.7284371e-02   1.7835573e-01  -3.7118999e-03  -2.7173376e-03  -3.2550455e-04
   2.1232001e-02  -2.1236951e-02  -2.1035133e-02  -1.1517640e-03  -2.1525016e-03   2.1512012e-04
   1.3799917e-02  -4.1305102e-02  -7.0989710e-03  -1.2957438e-03  -2.1700887e-03   3.3960706e-04
   2.5155281e-02  -5.6000558e-02   1.6459932e-03  -1.7098124e-03  -2.3527469e-03   4.9382466e-04
   2.1787569e-02  -7.3494766e-02   1.2533956e-01  -1.8654404e-03  -2.7270806e-03   7.9755800e-04
   2.1786598e-02  -1.0737529e-01   2.1440974e-01  -3.7961238e-03  -3.3603916e-03   6.5169009e-04
  -5.3875168e-03  -7.6833596e-02   5.8157380e-03  -2.8253704e-03  -2.6106773e-03   3.5035996e-04
   2.8364628e-03  -5.7795399e-02   9.4381245e-02  -2.6201131e-03  -2.6310685e-03   5.3272502e-04
  -9.7328748e-03  -2.2328063e-02   1.4967284e-01  -9.0361970e-04  -2.4339812e-03   2.7447694e-04
  -1.4845801e-02  -7.2575098e-02   1.8461023e-01  -2.1016318e-03  -2.6268716e-03   4.0313277e-04
  -3.6815696e-02  -2.7084511e-02   1.7845293e-01  -1.1515026e-03  -1.8820915e-03   1.6222222e-04
  -5.4863277e-02  -7.5267621e-02   1.9289062e-01  -1.8515096e-03  -1.4561765e-03   7.0334109e-05
  -3.8635545e-02  -5.4457381e-02   1.5580011e-01  -1.8553678e-03  -1.8699515e-03  -3.4236868e-05
  -1.4881257e-02  -8.9702396e-03   5.7909395e-02  -4.9880140e-04  -2.0460202e-03   1.7071677e-04
  -1.6896649e-02  -1.7713364e-02   8.3658968e-02  -9.0863762e-04  -2.0003188e-03   1.9900282e-04
  -5.2409203e-02  -3.3712095e-02   1.8595966e-01  -7.1618588e-04  -1.7793385e-03   3.2346072e-05
  -5.8144606e-02  -4.8941096e-02   1.1615914e-01  -5.8368330e-04  -1.5247238e-03   1.6232884e-05
  -3.8540776e-02  -5.3865670e-02   1.4667438e-01  -7.5578978e-04  -1.1781085e-03  -1.3143989e-05
  -1.2385193e-02  -6.4675253e-02   1.1778225e-01  -8.2609490e-04  -9.4854116e-04   1.2573527e-04
  -1.4155004e-02  -7.4642366e-02   1.3522600e-01  -1.1123052e-03  -1.4817637e-03   1.0282746e-04
  -3.0271755e-02  -4.9602157e-02   4.1271841e-02  -7.9980344e-04  -1.3964075e-03  -1.3233325e-04
  -6.5485988e-02  -5.0252470e-02   7.0834852e-02  -1.5126581e-03  -1.8063601e-03  -4.3527986e-04
  -7.6666481e-02  -3.6954692e-02   1.1740897e-01  -1.9581226e-03  -1.6904485e-03  -3.8644032e-04
  -6.2451527e-02  -4.2018648e-02   7.3621437e-02  -1.5183764e-03  -1.8381308e-03  -2.2634383e-04
  -5.4763553e-02  -7.1250361e-02   1.4289241e-01  -2.6428068e-03  -1.8245880e-03  -1.2647866e-04
  -7.4173956e-02  -4.1763218e-02   8.3127433e-02  -1.7067429e-03  -2.0766530e-03  -6.0849572e-04
  -7.2653338e-02  -3.7164944e-02   2.3442803e-02  -1.7182988e-03  -2.7280501e-03  -3.3648091e-04
  -7.2508173e-02  -3.2259556e-02   5.6409340e-02  -2.2245031e-03  -2.2315327e-03  -2.2935747e-04
  -8.8022250e-02  -1.1917565e-02  -1.2317281e-02  -1.3690032e-03  -1.6883702e-03  -5.2293235e-04
  -9.1260736e-02  -2.8823097e-02   3.8743355e-02  -1.8606381e-03  -1.5489360e-03  -6.5556902e-04
  -8.8263486e-02  -2.9910308e-02   8.8003524e-02  -2.2311855e-03  -1.9110247e-03  -7.4504241e-04
  -9.2096180e-02  -4.9935586e-02   5.8585163e-02  -2.4909915e-03  -1.9297788e-03  -9.4613560e-04
  -9.1991383e-02  -2.9824855e-02   9.1719920e-02  -2.4379720e-03  -2.0605842e-03  -9.2455590e-04
  -8.3360237e-02  -4.8525062e-02   9.5899223e-02  -2.4694268e-03  -1.8390980e-03  -8.9700069e-04
  -6.8103108e-02  -4.9541465e-02   7.0130299e-02  -2.8261415e-03  -2.0111053e-03  -7.3703490e-04
  -7.3628850e-02  -5.8566647e-02   1.0023532e-01  -2.6980042e-03  -1.7789585e-03  -6.5100456e-04
  -6.3421398e-02  -7.5219528e-02   7.7996346e-02  -3.7324196e-03  -2.0293992e-03  -5.5062869e-04
  -6.5954716e-02  -3.0830742e-02   6.2465114e-03  -2.3119775e-03  -1.9131253e-03  -5.5424407e-04
  -5.9103107e-02  -3.5028569e-02  -4.4130254e-02  -2.4091626e-03  -1.7918508e-03  -2.7529097e-04
  -6.5212510e-02   7.5219887e-03  -3.4628518e-02  -1.5615115e-03  -1.4686347e-03  -4.0367941e-04
  -6.2911067e-02   5.7423827e-04  -9.7670381e-02  -1.0524312e-03  -1.1584748e-03  -1.5820914e-04
  -5.9047973e-02  -9.8172872e-03   1.6707850e-02  -1.6349210e-03  -9.8895398e-04  -4.7138543e-04
  -6.1513174e-02  -3.3751393e-03  -3.0591790e-02  -5.4825754e-04  -8.1142542e-04  -1.2903914e-04
  -5.5009580e-02  -4.7860137e-02  -3.4564706e-02  -2.0547815e-03  -1.0598692e-03  -1.8529903e-04
  -6.4835477e-02  -2.6072194e-02   2.5445641e-02  -1.7878375e-03  -8.9916783e-04  -2.1031636e-04
  -5.7813289e-02  -3.1336000e-02   1.0023495e-02  -2.1911532e-03  -7.0028017e-04  -5.0297352e-04
  -3.9159117e-02  -4.2288716e-02  -1.4742506e-02  -2.7458365e-03  -1.0891096e-03  -2.8947704e-04
  -6.1042362e-02  -3.8996690e-02   2.7749510e-02  -2.2124363e-03  -1.3182455e-03  -4.8038161e-04
  -7.5994321e-02  -1.3236609e-02  -5.2553838e-02  -1.7123563e-03  -1.0654807e-03  -5.3627751e-04
  -9.1949150e-02  -3.4885076e-02   2.7914643e-02  -2.0993259e-03  -6.0928142e-04  -9.4444274e-04
  -6.1919214e-02  -6.1719789e-02   5.2525356e-02  -2.3152416e-03  -1.0382523e-03  -5.2602479e-04
  -4.7266527e-02  -3.6189849e-02   7.1292905e-02  -1.4050986e-03  -1.0506846e-03  -2.9610920e-04
  -5.1529740e-02  -5.2731372e-02  -3.0701338e-02  -1.2943347e-03  -5.3640989e-04  -4.6545624e-04
  -3.8307937e-02  -5.8974824e-02   1.8655398e-02  -2.6344730e-03  -8.4636563e-04  -3.7020432e-04
  -4.9120479e-02  -5.6143203e-03  -4.5731718e-02  -7.4419498e-04  -5.0056516e-04  -4.0164969e-04
  -5.5481705e-02  -7.9569766e-04  -2.2525205e-02  -6.8526042e-04  -6.8113363e-04  -3.2858092e-04
  -6.3787575e-02  -2.4469345e-05  -5.1246437e-02  -2.0758888e-04  -3.9136581e-04  -4.3982969e-04
  -7.9071488e-02  -1.4024130e-02   7.9095912e-03  -4.3260349e-04  -4.5419253e-04  -7.1206280e-04
  -8.1071967e-02  -1.5173071e-02  -2.8580165e-02  -3.9537346e-04  -1.4457020e-04  -7.5409863e-04
  -7.6857742e-02  -3.2264202e-02   3.5311563e-02  -7.5177145e-04  -1.6881205e-04  -6.7711105e-04
  -6.1471346e-02  -4.1162191e-02   2.6608201e-02  -6.9599417e-04  -2.0281011e-04  -7.2021768e-04
  -6.4255073e-02  -3.2735683e-02  -1.1063558e-02  -4.3056889e-04  -3.0989551e-04  -5.5803957e-04
  -6.4752554e-02  -1.6436497e-02  -5.4208938e-02  -4.2685657e-04   5.9569424e-05  -7.7690391e-04
  -6.5481956e-02  -1.5271741e-02  -4.8416066e-02   8.1941424e-06  -5.2292975e-04  -6.0753951e-04
  -6.6627910e-02  -5.5425489e-02  -4.7938572e-02  -1.2204305e-03  -4.3193803e-04  -7.6396964e-04
  -7.1746504e-02  -3.9581955e-02  -4.0059091e-02  -6.6731810e-04  -5.1605242e-04  -8.8699544e-04
  -5.4265888e-02  -4.6064312e-02  -4.6484156e-02  -9.6208575e-04  -9.9344857e-04  -6.5262683e-04
  -5.3534682e-02  -5.3429956e-02  -9.3357903e-02  -1.5657254e-03  -1.0037799e-03  -6.5174131e-04
  -5.3489517e-02  -3.1187831e-02  -8.4380227e-02  -1.2828754e-03  -1.0437447e-03  -5.8178766e-04
  -6.4944728e-02  -1.3185778e-03  -7.2935340e-02  -6.3584956e-04  -1.1919292e-03  -4.9048079e-04
  -6.2419902e-02  -2.3789720e-02  -6.5827981e-02  -1.8786632e-03  -7.7106677e-04  -4.8700415e-04
  -4.2191278e-02   1.2827756e-02   7.4493348e-03  -1.4659875e-03  -1.1408188e-03  -3.0243917e-04
  -5.6343628e-02   1.6441108e-02  -3.1074789e-02  -1.1168615e-03  -8.0868992e-04  -4.0891019e-04
  -5.1887354e-02  -4.3406034e-02  -2.6821840e-02  -1.9639063e-03  -6.9032661e-04  -4.9852550e-04
  -4.8020355e-02   5.4716143e-03  -9.6657438e-02   3.9701364e-05  -7.6375751e-04  -5.3589781e-04
  -3.8707598e-02  -2.4023352e-02  -4.0951999e-02  -5.4806829e-04  -7.0983422e-04  -4.3916241e-05
  -3.9242169e-02  -3.4483689e-02  -7.6311440e-02  -1.7275235e-04  -4.3441652e-04  -3.0477034e-04
  -4.1834397e-02  -2.2967270e-02  -6.5028996e-02   2.5191974e-04  -4.7183856e-04  -2.8256781e-04
  -5.1004378e-02  -4.3996028e-02  -9.9529970e-02  -2.1565350e-04  -3.2603858e-04  -3.9433004e-04
  -4.7970038e-02  -2.5139174e-02  -6.8865631e-02   1.2827301e-04  -4.9945345e-04  -3.3199331e-04
  -3.2764832e-02   1.3147662e-02  -1.2068122e-01   1.0938642e-03  -4.1777164e-04  -3.3778463e-04
  -3.5916930e-02   1.4432942e-02  -1.2111325e-01   1.1880348e-03   4.1203926e-04  -2.7637298e-04
  -1.8033970e-02   1.0632324e-02  -2.2284012e-02   1.7450307e-03   9.1808544e-05  -2.4692637e-05
  -6.7803617e-03   1.6980086e-02  -1.6543536e-01   1.4341380e-03  -4.2928547e-04  -2.2366055e-04
  -1.6380275e-02  -2.2910837e-02  -7.2125479e-02  -3.8225383e-07  -4.6262694e-05  -7.2402343e-05
  -1.4777381e-02   1.4144477e-02  -5.5002910e-02   8.7755334e-04   4.6429107e-05  -1.0567405e-04
  -2.6572385e-02  -2.0832909e-02   2.1795602e-02  -1.4955532e-05   2.7443786e-04  -3.1018855e-04
  -4.2991189e-02  -3.7784617e-02  -4.6066822e-03  -1.0407758e-04  -1.8720179e-04  -2.6592580e-04
